kongdong 0.7073 385 168 404 195
kongdong 0.4040 361 153 384 224
kongdong 0.3853 374 172 409 193
kongdong 0.2676 125 0 167 8
kongdong 0.1364 134 0 159 6
kongdong 0.0339 33 358 121 406
kongdong 0.0147 374 161 404 210
fengxi 0.9881 58 369 111 414
fengxi 0.2877 36 383 115 411
fengxi 0.1318 360 167 385 235
fengxi 0.0739 364 156 393 220
fengxi 0.0615 -16 384 132 415
fengxi 0.0339 63 0 159 10
fengxi 0.0265 14 389 102 414
fengxi 0.0154 351 167 406 226
fengxi 0.0147 354 156 380 220
fengxi 0.0112 39 371 118 395
