kongdong 0.9583 309 19 350 63
kongdong 0.2468 245 402 284 415
kongdong 0.1507 402 0 417 10
kongdong 0.0458 0 400 24 416
kongdong 0.0432 0 403 12 416
kongdong 0.0188 217 400 255 415
kongdong 0.0184 0 385 11 422
fengxi 0.9824 192 387 355 415
fengxi 0.0992 403 404 415 415
fengxi 0.0660 -1 363 21 428
fengxi 0.0455 0 0 20 9
fengxi 0.0374 405 -6 415 26
fengxi 0.0266 380 402 413 416
fengxi 0.0240 -1 -1 25 13
fengxi 0.0240 0 385 19 421
fengxi 0.0206 390 0 417 14
fengxi 0.0199 3 0 91 15
fengxi 0.0195 403 -12 417 51
fengxi 0.0120 397 390 414 420
fengxi 0.0114 392 -14 418 54
fengxi 0.0108 405 9 415 30
sunshang 0.4748 6 283 30 348
