kongdong 0.0881 403 404 416 415
kongdong 0.0676 0 404 12 416
fengxi 0.0496 389 0 415 15
fengxi 0.0428 403 -4 416 27
fengxi 0.0321 389 401 415 417
fengxi 0.0298 393 0 417 10
fengxi 0.0293 392 -12 418 51
fengxi 0.0226 322 0 403 14
fengxi 0.0217 397 389 414 421
fengxi 0.0175 402 396 415 416
fengxi 0.0167 392 368 417 424
fengxi 0.0167 0 401 25 416
fengxi 0.0132 395 0 415 37
sunshang 0.5553 0 121 38 160
sunshang 0.1003 164 404 257 416
sunshang 0.0282 376 402 416 416
sunshang 0.0126 190 402 238 415
sunshang 0.0122 139 399 280 417
