kongdong 0.9371 181 248 205 281
kongdong 0.8219 93 142 106 151
kongdong 0.7825 82 393 114 413
kongdong 0.7121 118 388 142 416
kongdong 0.3043 6 29 17 44
kongdong 0.2855 79 390 138 415
kongdong 0.0555 114 379 154 415
kongdong 0.0444 87 395 109 410
kongdong 0.0438 69 377 148 417
kongdong 0.0359 59 391 118 416
kongdong 0.0144 86 140 113 155
kongdong 0.0128 4 22 19 51
fengxi 0.5105 200 55 222 82
fengxi 0.4725 195 95 241 105
fengxi 0.3723 226 69 248 84
fengxi 0.1487 198 93 253 109
fengxi 0.0772 210 81 249 99
fengxi 0.0416 211 66 256 78
fengxi 0.0410 198 84 237 102
fengxi 0.0223 197 63 240 76
fengxi 0.0215 228 64 254 89
fengxi 0.0211 206 72 253 106
fengxi 0.0168 194 50 229 86
fengxi 0.0148 196 58 216 88
fengxi 0.0108 203 64 218 83
