kongdong 0.8798 149 363 174 390
kongdong 0.1043 133 362 181 395
fengxi 0.9765 62 197 121 232
fengxi 0.8419 113 386 177 413
fengxi 0.4988 33 190 55 201
fengxi 0.4555 1 190 22 199
fengxi 0.3547 5 163 48 178
fengxi 0.0662 3 162 49 195
fengxi 0.0157 70 204 111 226
fengxi 0.0146 7 169 77 195
fengxi 0.0137 10 168 42 188
fengxi 0.0100 18 170 51 191
sunshang 0.9828 262 373 323 413
sunshang 0.0360 267 370 340 396
sunshang 0.0271 256 382 401 414
sunshang 0.0262 264 358 347 406
sunshang 0.0214 280 389 371 413
