kongdong 0.9748 100 21 125 65
kongdong 0.8767 73 44 96 58
fengxi 0.9577 220 230 284 267
sunshang 0.9305 35 321 106 358
sunshang 0.6614 180 2 245 24
sunshang 0.6164 40 274 106 297
sunshang 0.5150 40 302 125 369
sunshang 0.4536 51 352 169 366
sunshang 0.4121 378 164 411 180
sunshang 0.2824 36 259 111 349
sunshang 0.1765 94 355 173 370
sunshang 0.1027 266 395 299 414
sunshang 0.0682 185 2 225 19
sunshang 0.0275 39 343 181 378
sunshang 0.0202 170 0 253 34
sunshang 0.0198 373 157 414 186
sunshang 0.0156 265 389 299 408
sunshang 0.0156 187 -1 266 17
sunshang 0.0107 42 341 124 365
